
Index PrintRuns_x1000 PageNumbers Orders_x1000
 1  2800   22   437
 2  2670   14   204
 3  2800   37   725
 4  2784   15   279
 5  2800   38   474
 6  2620  172  1587
 7  2620  249  2630
 8  2470   84   798
 9  2620  242  2509
10  2475  100  1192
11  2620  114   882
12  2620   37   511
13  2448   96   896
14  2648  116  1297
15  2525   94   857
16  1000   47   388
17   980   48   462
18  1000   15    67
19  1112   45   326
20  1000   23   145
21  1000   44   298
22  2188   23   179
23  1028   47   289
24  2200   31   200
25  1000   48   461
26   980   48   223
27   728   47   235
28  2510   26   235
29  1500   58   594
30  2500  128  1800
31  2620  120  1457
32  2528  120  1710
33  2630  121  1715
34  2550  122  1615
35  1150   61   196
36  1150   50   309
37  1150   50   263
38  1147   60   332
